100
1
10
28
2
32
79207248
100000000
42463432
29565810
80976902
23802440
30367970
10753874
65039228
58462480
39534876
4054150
31541654
20754722
47267206
82254212
80634956
39330430
89120582
28883960
35701782
98844012
84685928
2605036
96310116
54965628
12648630
77693676
2848818
26284392
22737754
73090366
66500500
30498834
20038326
56400874
53556734
39953206
79454632
64873720
7048500
97002670
57516892
96838148
29516836
90722606
7971834
19104664
65602374
222038
54296352
60286682
36563768
52147634
51267934
11861190
53909958
98655556
64956906
17380188
86221724
3907648
53733312
60959298
42476956
27344350
4959374
885762
79884554
18430714
25455792
21399702
86604422
96862052
10506154
69381206
53608218
55896658
80724622
18642264
12327620
92787790
23220216
61383362
47953380
75720932
97908704
81008936
4942462
66360376
78208852
41816372
96122292
59370650
95285962
